% Resultados, animación generación manipulador robótico.


f = 180/ pi; 

% Best Generación 0.
theta1 = f * [0, -1.0549512619988948, -2.74727068859874, -2.8278714779634226, 0.1842923044601219, 0.9670675961261033, -0.4041340659275305, 0.4988553619201761, 1.5346529371255349, -1.467218134470718, 1.5413130888561528, -0.27795759823660754, 0.46723917178343444, 3.146252363815038, -0.48613824256966065, 2.9204704421254877, 0.2464738643739607, 0.37419730633233445, 0.77810654835844, 0.5409453066988934, -2.8451550016403124-2.859303453950966, ];
theta2 = f * [0.7853981633974483, -0.34087483398234364, 2.8155542668901585, 1.2221080800083464, 1.7096886482006521, 3.3727255542407555, 0.7689933364308016, 2.0540842962671655, 0.4126561920528664, -0.6692885919924473, -1.05773346864214, -2.03509323707195, -2.4991483476464023, 0.24043337127219366, -0.25787414715236223, -2.2523875073749737, -1.4060381359560035, -1.6261143348853662, -2.634498582423174, -2.3104494725075204, -0.58988165859213571.1387275183852201, ];
theta3 = f * [-0.7853981633974483, -0.8817262815864966, -0.885219821762056, 0.05619793629459938, -0.3220049664299206, -2.576276576119911, -1.0637376965849263, -1.0613480604903103, 0.9162232607905747, -0.38289840438297895, -0.30803637411147944, -1.4715688381372325, -0.5051110539022694, -3.8937494734335028, -3.885096277069211, -3.332533363071102, -3.5146337385416233, -0.9670616156287651, 1.1131699233152714, 0.49645425180488023, -0.28746974209727943-0.7590861966588942, ];
theta4 = f * [-0.7853981633974483, -0.627893782774728, -1.0146683018113347, 1.7022028330741246, 0.22509191704062914, -1.6555733672165855, -2.443164073472363, -1.484283111091687, -0.18322379290705904, 1.059892990568128, -1.2637234924744458, -0.9675519138477144, 1.0870392420935033, 0.5951213422623224, -0.6836474242070743, -1.444752984625001, -2.29842038605303, -0.3866222164569767, 0.6760359430002981, 0.860673369216606, 0.42690549038881875-1.9336447749956074, ];

%{
% Best Generación 6666.
theta1 = f * [0, -0.04607622012635408, -0.17249745779815753, -0.23419010344015467, -0.277538006169774, -0.34399351183030974, -0.48628706323424203, -0.6112189451023313, -0.8210144046399682, -1.0585466339906533, -1.2842447281537, -1.520625016517515, -1.828409455757999, -2.034051308606388, -2.078971456507448, -2.150905118868858, -2.1549663245844104, -2.2145798976706317, -2.2859084566906414, -2.4041081574927397, -2.6303992961717326-2.859303453950966, ];
theta2 = f * [0.7853981633974483, 0.8385994825448562, 0.8105612170828893, 0.7699408996070745, 0.7732677275705446, 0.7853706575946333, 0.8000934882475728, 0.8036295387954688, 0.7832839146005274, 0.8464123012453976, 0.8900612664478175, 0.9072886420692268, 0.9871899071129853, 0.9691552547911279, 0.9403013830382803, 0.9846424605890528, 0.909712693372821, 0.9579833290650269, 1.0631773233970165, 1.0956927457025776, 1.10842626807123911.1387275183852201, ];
theta3 = f * [-0.7853981633974483, -0.8595670603177807, -0.8879310251625883, -0.9508301866136859, -1.0308184460643293, -1.0743446419338738, -1.0501350209550795, -1.0214102243201069, -1.0355994850912282, -1.0623327009999601, -1.0874002130988505, -1.1517914820002517, -1.1358324516942597, -1.214565777437285, -1.2359565207101544, -1.2067635095307434, -1.0332464912066772, -0.8616538561912572, -0.7503933173980858, -0.7363327691465441, -0.7527602497363582-0.7590861966588942, ];
theta4 = f * [-0.7853981633974483, -0.8332260707162679, -1.0318636208417635, -1.252910935946628, -1.5498232558070426, -1.6372021551676792, -1.5770139884298326, -1.5531902807364515, -1.4157019588128552, -1.2418874155155737, -1.3179809235080338, -1.324733925753316, -1.341946052011505, -1.6317216031412518, -1.877007733424233, -2.1372548287449273, -2.0827332012949475, -1.9574200427946447, -1.763019887661169, -1.6300782447255908, -1.7284981737150629-1.9336447749956074, ];

% Best Generación 13333.
theta1 = f * [0, -0.044283745641602215, -0.09157347312484769, -0.23136424001106398, -0.28555055931310086, -0.36150591906522117, -0.4633321114467685, -0.6430348814418333, -0.8125020494456647, -1.0931834991577496, -1.3841159959440552, -1.4683404494359606, -1.6951873673323479, -1.8777599348326675, -1.9511742277903315, -2.0876249859740446, -2.2564471436116027, -2.3925803010423428, -2.487383613741074, -2.5955676380355435, -2.695381586305736-2.859303453950966, ];
theta2 = f * [0.7853981633974483, 0.7791037748584305, 0.8140083568706469, 0.823287160208298, 0.8640959076514089, 0.9171019560979858, 0.8858188244548584, 0.8646017526486665, 0.8383704452887724, 0.79984811290493, 0.8754444960421305, 0.9477868528331949, 0.9779799313574645, 1.0064540738507946, 1.0608056085683084, 1.1407457224400295, 1.1139845288836672, 1.0548809242233548, 1.0739247207795968, 1.0794979150106732, 1.1122809712942781.1387275183852201, ];
theta3 = f * [-0.7853981633974483, -0.7969724410522647, -0.8036520792550619, -0.7785349792218937, -0.7901512368470496, -0.7879138027574453, -0.7812017012705936, -0.6834456993200679, -0.6737561727391577, -0.6921508901537989, -0.7112682172674518, -0.7973188318998035, -0.8200305476306872, -0.8338342803450859, -0.7493973459946394, -0.6976871253492875, -0.6727985434215011, -0.6773289198493859, -0.7198523839706621, -0.7158433553302408, -0.6711329891850684-0.7590861966588942, ];
theta4 = f * [-0.7853981633974483, -0.7615542347511836, -0.7915796724732336, -0.9805261520120381, -1.1351227664395689, -1.248280790348716, -1.3704798038353632, -1.3551366669412872, -1.355184997113682, -1.2473361099167404, -1.2835811243809814, -1.4896801595809217, -1.5372223110426542, -1.5745775196375003, -1.681088490397018, -1.9507110929624851, -2.027333736957706, -2.1022299219814022, -1.9891597855468643, -1.9515069134052783, -2.013343875508709-1.9336447749956074, ];

% Best Generación 20000.
theta1 = f * [0, -0.05996450001085292, -0.17476390278000148, -0.2859458090041304, -0.3882666465125876, -0.581151136467455, -0.7963287560683585, -1.0444196314278549, -1.2372189536245288, -1.345273680711726, -1.4072115773951897, -1.4876334555501343, -1.5764064462638012, -1.7095968639987482, -1.9220549859398148, -2.1017411579298835, -2.3369354773970663, -2.517200254709224, -2.5109038211115315, -2.6856926634953053, -2.780120715788022-2.859303453950966, ];
theta2 = f * [0.7853981633974483, 0.7196929893367485, 0.7069258136204272, 0.661617943359038, 0.6319429742156826, 0.6243455850265621, 0.6071943782986728, 0.6100670078424799, 0.6380420307295188, 0.6769115188451497, 0.7475223774665095, 0.8624399905086169, 0.8976114959433766, 0.8912462696820712, 0.8719778676950722, 0.9169843760463957, 1.0209082353691556, 1.070176721610018, 1.1123274984590417, 1.1170372230537626, 1.09548542822333421.1387275183852201, ];
theta3 = f * [-0.7853981633974483, -0.8126541770913536, -0.805725726509447, -0.8154878741249404, -0.7936920224177413, -0.7669960651421592, -0.6703898451007505, -0.5502599775888146, -0.4883403983132248, -0.41586379463758055, -0.439119422820272, -0.49844391360555185, -0.528591250510803, -0.5595070108685074, -0.5170996925468377, -0.5424863606617231, -0.6168811149390202, -0.6197535259708578, -0.5941569056235492, -0.5865460223312482, -0.6779761727733519-0.7590861966588942, ];
theta4 = f * [-0.7853981633974483, -0.781638341887735, -0.8796777475697735, -0.9718180785834538, -1.0584940443277944, -1.199789064546, -1.2770018491071295, -1.260109326221023, -1.2386884615179548, -1.3241235745425235, -1.4378361111161437, -1.4791037642969824, -1.605173818510086, -1.7766844752234972, -1.9381980083378927, -2.06471558654488, -2.010159402504918, -2.0285769756931846, -1.9324179171515259, -1.8112070492865924, -1.8664162742940205-1.9336447749956074, ];
%}



